1526286428565
1526286429580
1526286430596
1526286431611
1526286432627
1526286433642
1526286434663
1526286435678
1526286436693
1526286437710
1526286438727
1526286439743
1526286440765
1526286441768
1526286442784
1526286443799
1526286444814
1526286445830
1526286446846
1526286447868
1526286448884
1526286449901
1526286450917
1526286451933
1526286452950
1526286453956
1526286454958
1526286455972
1526286456980
1526286457985
1526286458988
1526286459990
1526286461004
1526286462016
1526286463026
1526286464031
1526286465039
1526286466051
1526286467070
1526286468086
1526286469109
1526286470123
1526286471139
1526286472155
1526286473170
1526286474185
